Integer
Random
size : 	10000	20000	30000	40000	50000
BubbleSort	0.000000	0.000000	0.000000	0.000000	0.000000	
SelectionSort	0.000000	0.000000	0.000000	0.000000	0.000000	
LinearInsertionSort	0.000000	0.000000	0.000000	0.000000	0.000000	
BinaryInsertionSort	0.000000	0.000000	0.000000	0.000000	0.000000	
ShellSort	0.000000	0.000000	0.000000	0.000000	0.000000	
HeapSort	0.000000	0.000000	0.000000	0.000000	0.000000	
RecursiveMergeSort	1.125180	2.392490	3.752070	5.271870	6.791970	
IterativeMergeSort	1.456700	2.225300	3.401100	4.783090	6.096330	
NaturalMergeSort	1.577040	2.323910	3.667610	5.182120	6.689330	
RecursiveQuickSort	0.000000	0.000000	0.000000	0.000000	0.000000	
MedianOfThreeQuickSort	0.000000	0.000000	0.000000	0.000000	0.000000	
ArraysSort	0.000000	0.000000	0.000000	0.000000	0.000000	
CollectionsSort	0.000000	0.000000	0.000000	0.000000	0.000000	


Increase
size : 	10000	20000	30000	40000	50000
BubbleSort	0.000000	0.000000	0.000000	0.000000	0.000000	
SelectionSort	0.000000	0.000000	0.000000	0.000000	0.000000	
LinearInsertionSort	0.000000	0.000000	0.000000	0.000000	0.000000	
BinaryInsertionSort	0.000000	0.000000	0.000000	0.000000	0.000000	
ShellSort	0.000000	0.000000	0.000000	0.000000	0.000000	
HeapSort	0.000000	0.000000	0.000000	0.000000	0.000000	
RecursiveMergeSort	0.640550	1.406400	2.317950	2.866060	3.568330	
IterativeMergeSort	0.497620	1.193650	2.044800	2.204230	2.674430	
NaturalMergeSort	0.076540	0.109590	0.160740	0.210580	0.265760	
RecursiveQuickSort	0.000000	0.000000	0.000000	0.000000	0.000000	
MedianOfThreeQuickSort	0.000000	0.000000	0.000000	0.000000	0.000000	
ArraysSort	0.000000	0.000000	0.000000	0.000000	0.000000	
CollectionsSort	0.000000	0.000000	0.000000	0.000000	0.000000	


Decrease
size : 	10000	20000	30000	40000	50000
BubbleSort	0.000000	0.000000	0.000000	0.000000	0.000000	
SelectionSort	0.000000	0.000000	0.000000	0.000000	0.000000	
LinearInsertionSort	0.000000	0.000000	0.000000	0.000000	0.000000	
BinaryInsertionSort	0.000000	0.000000	0.000000	0.000000	0.000000	
ShellSort	0.000000	0.000000	0.000000	0.000000	0.000000	
HeapSort	0.000000	0.000000	0.000000	0.000000	0.000000	
RecursiveMergeSort	0.611880	1.333490	2.207420	2.797580	3.624360	
IterativeMergeSort	0.419740	0.912010	1.652260	1.965960	2.455600	
NaturalMergeSort	0.467140	1.047610	1.831930	2.232340	2.833380	
RecursiveQuickSort	0.000000	0.000000	0.000000	0.000000	0.000000	
MedianOfThreeQuickSort	0.000000	0.000000	0.000000	0.000000	0.000000	
ArraysSort	0.000000	0.000000	0.000000	0.000000	0.000000	
CollectionsSort	0.000000	0.000000	0.000000	0.000000	0.000000	




Double
Random
size : 	10000	20000	30000	40000	50000
BubbleSort	0.000000	0.000000	0.000000	0.000000	0.000000	
SelectionSort	0.000000	0.000000	0.000000	0.000000	0.000000	
LinearInsertionSort	0.000000	0.000000	0.000000	0.000000	0.000000	
BinaryInsertionSort	0.000000	0.000000	0.000000	0.000000	0.000000	
ShellSort	0.000000	0.000000	0.000000	0.000000	0.000000	
HeapSort	0.000000	0.000000	0.000000	0.000000	0.000000	
RecursiveMergeSort	1.977360	2.861500	4.424220	6.145610	7.966530	
IterativeMergeSort	1.682570	2.491280	3.957600	5.559860	7.044280	
NaturalMergeSort	1.723200	2.366790	3.768360	5.317510	6.819140	
RecursiveQuickSort	0.000000	0.000000	0.000000	0.000000	0.000000	
MedianOfThreeQuickSort	0.000000	0.000000	0.000000	0.000000	0.000000	
ArraysSort	0.000000	0.000000	0.000000	0.000000	0.000000	
CollectionsSort	0.000000	0.000000	0.000000	0.000000	0.000000	


Increase
size : 	10000	20000	30000	40000	50000
BubbleSort	0.000000	0.000000	0.000000	0.000000	0.000000	
SelectionSort	0.000000	0.000000	0.000000	0.000000	0.000000	
LinearInsertionSort	0.000000	0.000000	0.000000	0.000000	0.000000	
BinaryInsertionSort	0.000000	0.000000	0.000000	0.000000	0.000000	
ShellSort	0.000000	0.000000	0.000000	0.000000	0.000000	
HeapSort	0.000000	0.000000	0.000000	0.000000	0.000000	
RecursiveMergeSort	0.687930	1.469500	2.358900	3.371900	4.481090	
IterativeMergeSort	0.475300	1.099380	1.829510	2.789780	3.501480	
NaturalMergeSort	0.040650	0.063440	0.098330	0.124550	0.154240	
RecursiveQuickSort	0.000000	0.000000	0.000000	0.000000	0.000000	
MedianOfThreeQuickSort	0.000000	0.000000	0.000000	0.000000	0.000000	
ArraysSort	0.000000	0.000000	0.000000	0.000000	0.000000	
CollectionsSort	0.000000	0.000000	0.000000	0.000000	0.000000	


Decrease
size : 	10000	20000	30000	40000	50000
BubbleSort	0.000000	0.000000	0.000000	0.000000	0.000000	
SelectionSort	0.000000	0.000000	0.000000	0.000000	0.000000	
LinearInsertionSort	0.000000	0.000000	0.000000	0.000000	0.000000	
BinaryInsertionSort	0.000000	0.000000	0.000000	0.000000	0.000000	
ShellSort	0.000000	0.000000	0.000000	0.000000	0.000000	
HeapSort	0.000000	0.000000	0.000000	0.000000	0.000000	
RecursiveMergeSort	0.657280	1.359060	2.069080	2.844650	3.616120	
IterativeMergeSort	0.498700	1.052300	1.607560	2.304100	2.832430	
NaturalMergeSort	0.440970	0.955270	1.452930	1.988050	2.563270	
RecursiveQuickSort	0.000000	0.000000	0.000000	0.000000	0.000000	
MedianOfThreeQuickSort	0.000000	0.000000	0.000000	0.000000	0.000000	
ArraysSort	0.000000	0.000000	0.000000	0.000000	0.000000	
CollectionsSort	0.000000	0.000000	0.000000	0.000000	0.000000	




String
Random
size : 	10000	20000	30000	40000	50000
BubbleSort	0.000000	0.000000	0.000000	0.000000	0.000000	
SelectionSort	0.000000	0.000000	0.000000	0.000000	0.000000	
LinearInsertionSort	0.000000	0.000000	0.000000	0.000000	0.000000	
BinaryInsertionSort	0.000000	0.000000	0.000000	0.000000	0.000000	
ShellSort	0.000000	0.000000	0.000000	0.000000	0.000000	
HeapSort	0.000000	0.000000	0.000000	0.000000	0.000000	
RecursiveMergeSort	2.006550	4.068060	6.502280	9.158040	12.060100	
IterativeMergeSort	1.830490	4.072740	6.415550	9.264770	11.912740	
NaturalMergeSort	2.117490	4.278320	6.836810	9.725670	12.562960	
RecursiveQuickSort	0.000000	0.000000	0.000000	0.000000	0.000000	
MedianOfThreeQuickSort	0.000000	0.000000	0.000000	0.000000	0.000000	
ArraysSort	0.000000	0.000000	0.000000	0.000000	0.000000	
CollectionsSort	0.000000	0.000000	0.000000	0.000000	0.000000	


Increase
size : 	10000	20000	30000	40000	50000
BubbleSort	0.000000	0.000000	0.000000	0.000000	0.000000	
SelectionSort	0.000000	0.000000	0.000000	0.000000	0.000000	
LinearInsertionSort	0.000000	0.000000	0.000000	0.000000	0.000000	
BinaryInsertionSort	0.000000	0.000000	0.000000	0.000000	0.000000	
ShellSort	0.000000	0.000000	0.000000	0.000000	0.000000	
HeapSort	0.000000	0.000000	0.000000	0.000000	0.000000	
RecursiveMergeSort	1.158530	2.626310	3.771740	5.142140	7.143350	
IterativeMergeSort	1.035880	2.553930	3.623470	5.097310	6.736070	
NaturalMergeSort	0.213410	0.531450	0.482100	0.646950	1.065310	
RecursiveQuickSort	0.000000	0.000000	0.000000	0.000000	0.000000	
MedianOfThreeQuickSort	0.000000	0.000000	0.000000	0.000000	0.000000	
ArraysSort	0.000000	0.000000	0.000000	0.000000	0.000000	
CollectionsSort	0.000000	0.000000	0.000000	0.000000	0.000000	


Decrease
size : 	10000	20000	30000	40000	50000
BubbleSort	0.000000	0.000000	0.000000	0.000000	0.000000	
SelectionSort	0.000000	0.000000	0.000000	0.000000	0.000000	
LinearInsertionSort	0.000000	0.000000	0.000000	0.000000	0.000000	
BinaryInsertionSort	0.000000	0.000000	0.000000	0.000000	0.000000	
ShellSort	0.000000	0.000000	0.000000	0.000000	0.000000	
HeapSort	0.000000	0.000000	0.000000	0.000000	0.000000	
RecursiveMergeSort	0.904580	2.112530	3.389040	4.478850	6.070640	
IterativeMergeSort	0.750850	1.854990	2.946670	3.989680	5.109260	
NaturalMergeSort	0.830750	1.953960	3.298690	4.267180	5.549820	
RecursiveQuickSort	0.000000	0.000000	0.000000	0.000000	0.000000	
MedianOfThreeQuickSort	0.000000	0.000000	0.000000	0.000000	0.000000	
ArraysSort	0.000000	0.000000	0.000000	0.000000	0.000000	
CollectionsSort	0.000000	0.000000	0.000000	0.000000	0.000000	




Student
Random
size : 	10000	20000	30000	40000	50000
BubbleSort	0.000000	0.000000	0.000000	0.000000	0.000000	
SelectionSort	0.000000	0.000000	0.000000	0.000000	0.000000	
LinearInsertionSort	0.000000	0.000000	0.000000	0.000000	0.000000	
BinaryInsertionSort	0.000000	0.000000	0.000000	0.000000	0.000000	
ShellSort	0.000000	0.000000	0.000000	0.000000	0.000000	
HeapSort	0.000000	0.000000	0.000000	0.000000	0.000000	
RecursiveMergeSort	2.747190	5.683280	8.709060	12.224540	15.511230	
IterativeMergeSort	2.741740	5.838690	8.979130	12.481640	15.954950	
NaturalMergeSort	2.838760	6.004740	9.173070	12.947580	16.360320	
RecursiveQuickSort	0.000000	0.000000	0.000000	0.000000	0.000000	
MedianOfThreeQuickSort	0.000000	0.000000	0.000000	0.000000	0.000000	
ArraysSort	0.000000	0.000000	0.000000	0.000000	0.000000	
CollectionsSort	0.000000	0.000000	0.000000	0.000000	0.000000	


Increase
size : 	10000	20000	30000	40000	50000
BubbleSort	0.000000	0.000000	0.000000	0.000000	0.000000	
SelectionSort	0.000000	0.000000	0.000000	0.000000	0.000000	
LinearInsertionSort	0.000000	0.000000	0.000000	0.000000	0.000000	
BinaryInsertionSort	0.000000	0.000000	0.000000	0.000000	0.000000	
ShellSort	0.000000	0.000000	0.000000	0.000000	0.000000	
HeapSort	0.000000	0.000000	0.000000	0.000000	0.000000	
RecursiveMergeSort	1.497440	2.960980	4.883380	6.666360	8.706700	
IterativeMergeSort	1.759010	2.897800	4.796380	6.702050	7.897840	
NaturalMergeSort	0.172490	0.314460	0.581070	0.840570	0.976740	
RecursiveQuickSort	0.000000	0.000000	0.000000	0.000000	0.000000	
MedianOfThreeQuickSort	0.000000	0.000000	0.000000	0.000000	0.000000	
ArraysSort	0.000000	0.000000	0.000000	0.000000	0.000000	
CollectionsSort	0.000000	0.000000	0.000000	0.000000	0.000000	


Decrease
size : 	10000	20000	30000	40000	50000
BubbleSort	0.000000	0.000000	0.000000	0.000000	0.000000	
SelectionSort	0.000000	0.000000	0.000000	0.000000	0.000000	
LinearInsertionSort	0.000000	0.000000	0.000000	0.000000	0.000000	
BinaryInsertionSort	0.000000	0.000000	0.000000	0.000000	0.000000	
ShellSort	0.000000	0.000000	0.000000	0.000000	0.000000	
HeapSort	0.000000	0.000000	0.000000	0.000000	0.000000	
RecursiveMergeSort	1.474880	2.966640	4.652460	6.306190	7.855010	
IterativeMergeSort	1.278180	2.328020	3.555770	4.983650	6.266790	
NaturalMergeSort	0.927440	1.660830	2.563750	3.432670	4.371790	
RecursiveQuickSort	0.000000	0.000000	0.000000	0.000000	0.000000	
MedianOfThreeQuickSort	0.000000	0.000000	0.000000	0.000000	0.000000	
ArraysSort	0.000000	0.000000	0.000000	0.000000	0.000000	
CollectionsSort	0.000000	0.000000	0.000000	0.000000	0.000000	


